27 91 59 72 27 91 50 74 185 239 190 212 199 78 164 118 199 121 191 105 198 247 32 32 32 32 32 32 32 32 32 32 32 32 32 32 32 32 32 32 32 32 32 32 32 32 32 32 32 32 32 32 32 32 32 32 32 32 32 32 32 32 32 32 32 32 32 32 32 32 67 104 97 109 112 105 111 110 32 49 48 52 53 32 119 105 110 115 10 
13 27 91 52 49 109 32 32 27 91 52 50 109 32 32 32 32 32 32 32 32 32 32 32 32 32 32 32 32 32 32 32 32 32 32 32 32 32 32 32 32 32 32 32 32 32 32 32 27 91 49 59 51 55 59 52 52 109 91 162 217 162 221 93 27 91 48 59 52 50 109 32 32 32 32 32 32 32 32 32 32 32 32 32 32 32 32 32 32 32 32 32 32 32 32 32 32 32 32 32 32 32 32 32 32 32 32 32 27 91 48 109 27 91 48 109 10 
13 32 32 32 32 32 32 32 32 32 32 32 32 32 32 32 32 32 32 32 32 32 32 32 32 32 32 32 32 32 32 32 32 32 32 32 32 32 32 32 32 32 32 32 32 32 32 32 32 32 32 32 32 32 32 32 32 32 32 32 32 32 32 32 32 32 32 32 32 32 32 199 204 199 203 199 220 198 227 199 196 10 
13 27 91 48 59 51 49 59 52 49 109 32 162 105 162 105 162 105 162 105 27 91 49 59 51 50 109 162 170 27 91 52 48 109 162 169 32 32 32 32 32 32 32 32 32 32 32 32 32 32 32 32 32 32 32 32 32 32 32 32 32 32 32 32 32 32 32 32 32 32 32 162 168 32 32 32 32 32 32 32 32 32 32 32 32 32 32 32 32 32 162 168 27 91 52 49 109 162 171 27 91 48 59 51 49 109 162 105 162 105 162 105 162 105 27 91 52 48 109 10 
13 32 162 98 162 99 162 100 162 101 162 101 27 91 49 59 51 50 59 52 49 109 162 170 27 91 52 48 109 162 169 32 32 32 32 32 32 32 32 32 32 32 32 32 32 32 32 32 32 32 32 32 32 32 32 32 32 32 162 168 32 32 162 168 162 105 32 32 32 32 32 32 32 32 32 32 32 32 32 32 32 162 168 27 91 52 49 109 162 171 27 91 48 59 51 49 59 52 48 109 162 101 162 100 162 99 162 98 10 
13 162 105 162 105 162 105 162 105 162 105 32 32 162 105 27 91 49 59 51 50 109 162 105 32 32 32 32 32 32 32 32 32 32 32 32 32 32 32 32 32 32 32 32 32 32 32 32 162 168 162 105 162 168 162 105 162 105 32 32 32 32 32 32 32 32 32 32 32 32 32 32 162 105 32 32 27 91 48 59 51 49 59 52 49 109 162 105 162 105 162 105 162 105 162 105 27 91 52 48 109 10 
13 27 91 52 49 109 32 162 105 162 105 162 105 162 105 27 91 52 48 109 32 32 162 105 162 105 27 91 49 59 51 50 109 162 112 32 32 32 32 32 32 32 32 32 32 32 32 32 32 32 32 32 32 32 162 168 162 105 162 105 162 105 162 105 162 105 162 105 32 32 32 32 32 32 32 32 32 32 32 32 32 162 105 27 91 48 59 51 49 109 162 105 32 32 162 105 162 105 162 105 162 105 162 105 10 
13 162 105 162 105 162 105 162 105 32 32 162 105 162 105 162 105 27 91 49 59 51 50 109 162 105 32 32 32 32 32 32 32 32 32 32 32 32 162 168 162 105 162 105 162 105 162 105 162 105 162 105 162 105 162 105 162 171 32 32 32 32 32 32 32 32 32 32 32 32 162 105 27 91 48 59 51 49 109 162 105 162 105 32 32 27 91 52 49 109 162 105 162 105 162 105 162 105 10 
13 27 91 52 49 109 32 162 105 162 105 162 105 27 91 52 48 109 32 32 162 105 162 105 162 105 162 105 27 91 49 59 51 50 109 162 105 32 32 32 32 32 32 32 32 32 162 168 162 105 27 91 52 51 109 162 171 32 32 162 168 162 105 162 105 162 105 162 105 27 91 52 51 109 162 171 27 91 52 48 109 162 169 32 32 32 32 32 32 32 32 32 32 32 162 105 27 91 48 59 51 49 109 162 105 162 105 162 105 32 32 162 105 162 105 162 105 162 105 10 
13 162 105 162 105 162 105 32 32 162 105 162 105 162 105 162 105 162 105 27 91 49 59 51 50 109 162 105 32 32 162 168 162 105 162 105 162 105 162 105 162 105 162 105 162 105 162 105 162 105 162 105 162 105 27 91 52 51 109 162 171 32 27 91 52 48 109 162 109 32 32 32 32 32 32 32 32 32 162 105 27 91 48 59 51 49 109 162 105 162 105 162 105 162 105 32 32 27 91 52 49 109 162 105 162 105 162 105 27 91 52 48 109 10 
13 27 91 52 49 109 32 162 105 162 105 27 91 52 48 109 32 32 162 105 162 105 162 105 162 105 162 105 162 105 27 91 49 59 51 50 109 162 105 32 162 105 162 105 162 105 162 105 162 105 162 105 162 105 162 105 162 105 162 105 162 105 162 105 162 105 27 91 52 51 109 162 171 27 91 52 48 109 162 109 32 32 32 32 32 32 32 162 105 27 91 48 59 51 49 109 162 105 162 105 162 105 162 105 162 105 32 32 162 105 162 105 162 105 10 
13 162 105 162 105 32 32 162 105 162 105 162 105 162 105 162 105 162 105 162 105 27 91 49 59 51 50 109 162 105 32 32 27 91 51 55 109 162 170 32 32 27 91 51 50 109 162 64 27 91 51 55 109 162 170 32 27 91 51 50 109 162 170 162 105 162 105 162 105 162 105 162 105 162 105 27 91 52 51 109 162 171 45 32 27 91 52 48 109 162 109 32 32 32 32 32 162 105 27 91 48 59 51 49 109 162 105 162 105 162 105 162 105 162 105 162 105 32 32 27 91 52 49 109 162 105 162 105 27 91 52 48 109 10 
13 27 91 52 49 109 32 162 105 27 91 52 48 109 32 32 162 105 162 105 162 105 162 105 162 105 162 105 162 105 162 105 27 91 49 59 51 50 109 162 105 27 91 53 59 51 52 109 162 101 162 101 162 101 27 91 48 109 32 27 91 49 59 51 50 109 162 64 32 32 32 162 105 162 105 162 105 162 105 162 105 162 105 27 91 52 51 109 162 169 27 91 48 59 51 50 59 52 51 109 162 119 32 27 91 49 59 51 50 59 52 48 109 162 109 32 32 32 162 105 27 91 48 59 51 49 109 162 105 162 105 162 105 162 
105 162 105 162 105 162 105 32 32 162 105 162 105 10 
13 162 105 32 32 162 105 162 105 162 105 162 105 162 105 162 105 27 91 49 59 53 59 51 52 59 52 49 109 162 105 162 105 162 105 27 91 52 50 109 162 105 27 91 52 48 109 162 105 162 105 27 91 48 109 32 32 32 32 32 32 32 27 91 49 59 51 50 109 162 105 162 105 162 170 162 105 162 105 162 105 27 91 52 51 109 162 169 27 91 48 59 51 50 59 52 51 109 162 119 32 27 91 49 59 51 50 59 52 48 109 162 109 32 32 162 105 27 91 48 59 51 49 109 162 105 162 105 162 105 162 105 162 105 162 105 162 105 162 105 32 32 162 105 10 
13 162 109 32 162 105 162 105 162 105 27 91 52 49 109 32 27 91 49 59 53 59 51 52 109 162 105 162 105 162 105 162 105 162 105 162 105 162 105 27 91 52 50 109 162 105 27 91 48 59 52 48 109 32 32 32 27 91 49 59 51 55 109 162 171 32 32 27 91 51 50 109 162 105 162 105 162 171 162 105 162 105 27 91 52 51 109 162 170 27 91 48 59 51 50 59 52 51 109 162 119 162 119 162 119 32 27 91 49 59 51 50 59 52 48 109 162 109 32 162 105 27 91 48 59 51 49 109 162 105 162 105 162 105 162 105 162 105 162 105 162 105 162 105 162 105 32 32 162 105 10 
13 162 109 162 105 27 91 49 59 53 59 51 52 59 52 49 109 162 105 162 105 162 105 162 105 162 105 162 105 162 105 162 105 162 105 162 105 27 91 52 50 109 162 105 27 91 48 109 32 27 91 49 59 51 55 109 162 171 32 32 27 91 51 50 109 162 105 162 105 162 171 32 162 105 162 105 27 91 48 59 51 50 59 52 51 109 32 162 119 162 119 162 119 162 119 27 91 49 59 51 50 59 52 48 109 162 109 32 162 105 27 91 48 59 51 49 109 162 105 162 105 162 105 162 105 162 105 162 105 162 105 162 105 162 105 162 105 32 32 27 91 52 48 109 10 
13 27 91 49 59 53 59 51 52 59 52 48 109 162 105 27 91 52 49 109 162 105 162 105 162 105 162 105 162 105 162 105 162 105 162 105 162 105 162 105 162 105 27 91 48 109 27 91 49 59 51 50 59 52 48 109 162 105 32 162 170 162 105 162 171 32 32 32 162 105 162 105 27 91 52 51 109 162 109 27 91 48 59 51 50 59 52 51 109 162 119 162 119 162 119 162 119 27 91 49 59 51 50 59 52 48 109 162 109 32 162 105 27 91 48 59 51 49 109 162 105 162 105 162 105 162 105 162 105 162 105 162 105 162 105 162 105 162 105 162 105 162 109 10 
13 27 91 49 59 53 59 51 52 59 52 48 109 162 105 162 105 27 91 52 49 109 162 105 162 105 162 105 162 105 162 105 162 105 162 105 162 105 162 105 27 91 48 59 51 49 109 162 105 162 105 27 91 49 59 51 50 109 162 105 32 32 32 32 32 32 162 105 162 105 162 105 27 91 48 59 51 50 59 52 51 109 32 162 119 162 119 162 119 162 119 27 91 49 59 51 50 59 52 48 109 162 109 32 162 105 27 91 48 59 51 49 109 162 105 162 105 162 105 162 105 162 105 162 105 162 105 162 105 162 105 162 105 162 105 10 
13 27 91 49 59 53 59 51 52 59 52 48 109 162 105 162 105 162 105 27 91 52 49 109 162 105 162 105 162 105 162 105 162 105 162 105 162 105 162 105 27 91 48 59 51 49 59 52 49 109 32 162 105 162 105 27 91 49 59 51 50 59 52 48 109 162 105 32 32 32 162 105 162 105 162 105 27 91 48 59 51 50 59 52 51 109 32 162 119 162 119 162 119 162 119 32 27 91 49 59 51 50 59 52 48 109 162 109 32 162 105 27 91 48 59 51 49 109 162 105 162 105 162 105 162 105 162 105 162 105 162 105 162 105 162 105 162 105 162 109 10 
13 27 91 49 59 53 59 51 52 109 162 105 162 105 162 105 162 105 162 105 162 105 162 105 162 105 162 105 162 105 27 91 48 109 27 91 49 59 51 54 59 52 48 109 32 32 32 32 162 168 32 27 91 51 55 109 164 218 32 171 162 32 169 105 32 175 83 32 27 91 51 51 109 185 113 32 170 177 32 27 91 51 50 109 184 234 32 176 84 32 175 184 32 27 91 51 54 109 162 171 10 
13 32 32 32 32 32 32 32 32 32 27 91 49 59 51 51 109 162 170 162 105 27 91 109 27 91 51 49 59 49 109 32 32 32 32 162 168 162 171 162 170 162 169 162 109 162 109 162 168 162 171 162 170 162 169 32 32 32 32 162 168 162 171 32 32 32 32 32 32 32 162 100 162 100 32 32 162 112 32 162 169 32 32 27 91 49 59 51 51 109 162 105 162 171 10 
13 32 32 32 32 32 32 32 32 32 32 32 27 91 49 59 51 51 109 162 170 27 91 109 27 91 51 49 109 32 32 162 168 162 171 32 32 32 32 162 170 162 169 162 168 162 171 32 32 32 32 162 170 162 169 162 168 162 171 162 100 162 100 162 170 162 169 32 32 32 32 32 32 32 162 112 32 162 170 32 32 27 91 51 51 59 49 109 162 171 27 91 48 109 10 
13 189 208 191 233 164 74 171 105 170 204 165 78 184 185 161 71 27 91 55 109 32 32 32 32 32 32 32 32 32 32 32 32 32 27 91 109 10 
13 27 91 49 59 51 55 59 52 49 109 161 176 32 178 196 164 64 166 184 181 110 164 74 189 208 165 253 166 220 32 104 116 116 112 115 58 47 47 117 115 101 114 46 103 97 109 101 114 46 99 111 109 46 116 119 47 111 112 101 110 66 66 83 46 112 104 112 32 177 210 165 206 32 33 32 27 91 48 109 27 91 50 51 59 49 55 72 
